-1 -1 -1 -1 -1 -1 -1 -1 -1 -1 -1 -1 -1 -1 -1 
-1 -1 -1 -1 -1 -1 -1 -1 -1 -1 -1 -1 -1 -1 -1 
-1 -1 -1 -1 -1 -1 -1 -1 -1 -1 -1 -1 -1 -1 -1 
-1 -1 -1 -1 -1 -1 -1 16776960 -1 -1 -1 -1 -1 -1 -1 
-1 -1 -1 -1 -1 -1 16776960 -1 16776960 -1 -1 -1 -1 -1 -1 
-1 -1 -1 -1 -1 -1 -1 16776960 -1 -1 -1 -1 -1 -1 -1 
-1 -1 -1 16776960 16776960 -1 16776960 -1 16776960 -1 16776960 16776960 -1 -1 -1 
-1 -1 16776960 -1 -1 16776960 -1 -1 -1 16776960 -1 -1 16776960 -1 -1 
-1 -1 16776960 -1 -1 16776960 -1 -1 -1 16776960 -1 -1 16776960 -1 -1 
-1 -1 -1 16776960 -1 16776960 -1 -1 -1 16776960 -1 16776960 -1 -1 -1 
-1 -1 -1 -1 16776960 16776960 16776960 16776960 16776960 16776960 16776960 -1 -1 -1 -1 
-1 -1 -1 -1 16776960 16776960 16776960 16776960 16776960 16776960 16776960 -1 -1 -1 -1 
-1 -1 -1 -1 -1 -1 -1 -1 -1 -1 -1 -1 -1 -1 -1 
-1 -1 -1 -1 -1 -1 -1 -1 -1 -1 -1 -1 -1 -1 -1 
-1 -1 -1 -1 -1 -1 -1 -1 -1 -1 -1 -1 -1 -1 -1 
