-1 -1 -1 -1 -1 -1 -1 -1 -1 -1 -1 -1 -1 -1 -1 
-1 -1 -1 -1 -1 -1 -1 -1 -1 -1 -1 -1 -1 -1 -1 
-1 -1 49152 49152 49152 49152 49152 49152 49152 49152 49152 49152 49152 -1 -1 
-1 -1 49152 49152 49152 49152 16777215 16777215 16777215 49152 49152 49152 49152 -1 -1 
-1 -1 49152 49152 49152 49152 16777215 16777215 16777215 49152 49152 49152 49152 -1 -1 
-1 -1 49152 49152 49152 49152 16777215 16777215 16777215 49152 49152 49152 49152 -1 -1 
-1 -1 49152 16777215 16777215 16777215 16777215 16777215 16777215 16777215 16777215 16777215 49152 -1 -1 
-1 -1 49152 16777215 16777215 16777215 16777215 16777215 16777215 16777215 16777215 16777215 49152 -1 -1 
-1 -1 49152 16777215 16777215 16777215 16777215 16777215 16777215 16777215 16777215 16777215 49152 -1 -1 
-1 -1 49152 49152 49152 49152 16777215 16777215 16777215 49152 49152 49152 49152 -1 -1 
-1 -1 49152 49152 49152 49152 16777215 16777215 16777215 49152 49152 49152 49152 -1 -1 
-1 -1 49152 49152 49152 49152 16777215 16777215 16777215 49152 49152 49152 49152 -1 -1 
-1 -1 49152 49152 49152 49152 49152 49152 49152 49152 49152 49152 49152 -1 -1 
-1 -1 -1 -1 -1 -1 -1 -1 -1 -1 -1 -1 -1 -1 -1 
-1 -1 -1 -1 -1 -1 -1 -1 -1 -1 -1 -1 -1 -1 -1 
