-1 -1 -1 -1 -1 -1 -1 -1 -1 -1 -1 -1 -1 -1 -1 
-1 -1 -1 -1 -1 -1 -1 -1 -1 -1 -1 -1 -1 -1 -1 
-1 -1 8421504 8421504 -1 -1 -1 -1 -1 -1 -1 8421504 8421504 -1 -1 
-1 -1 8421504 8421504 8421504 -1 -1 -1 -1 -1 8421504 8421504 8421504 -1 -1 
-1 -1 -1 8421504 8421504 8421504 -1 -1 -1 8421504 8421504 8421504 -1 -1 -1 
-1 -1 -1 -1 8421504 8421504 8421504 -1 8421504 8421504 8421504 -1 -1 -1 -1 
-1 -1 -1 -1 -1 8421504 8421504 8421504 8421504 8421504 -1 -1 -1 -1 -1 
-1 -1 -1 -1 -1 -1 8421504 8421504 8421504 -1 -1 -1 -1 -1 -1 
-1 -1 -1 -1 -1 8421504 8421504 8421504 8421504 8421504 -1 -1 -1 -1 -1 
-1 -1 12623872 12623872 8421504 8421504 8421504 -1 8421504 8421504 8421504 12623872 12623872 -1 -1 
-1 -1 -1 12623872 12623872 8421504 -1 -1 -1 8421504 12623872 12623872 -1 -1 -1 
-1 -1 -1 12623872 12623872 12623872 -1 -1 -1 12623872 12623872 12623872 -1 -1 -1 
-1 12623872 12623872 -1 -1 12623872 -1 -1 -1 12623872 -1 -1 12623872 12623872 -1 
-1 12623872 12623872 -1 -1 -1 -1 -1 -1 -1 -1 -1 12623872 12623872 -1 
-1 -1 -1 -1 -1 -1 -1 -1 -1 -1 -1 -1 -1 -1 -1 
