-1 -1 -1 -1 -1 -1 -1 -1 -1 -1 -1 -1 -1 -1 -1 
-1 -1 -1 -1 -1 -1 -1 -1 -1 -1 -1 -1 -1 -1 -1 
-1 -1 -1 -1 -1 8421504 8421504 8421504 8421504 8421504 -1 -1 -1 -1 -1 
-1 -1 -1 -1 -1 -1 -1 -1 -1 8421504 8421504 8404992 -1 -1 -1 
-1 -1 -1 -1 -1 -1 -1 -1 -1 8404992 8421504 8421504 -1 -1 -1 
-1 -1 -1 -1 -1 -1 -1 -1 8404992 8404992 8404992 8421504 8421504 -1 -1 
-1 -1 -1 -1 -1 -1 -1 8404992 8404992 8404992 -1 -1 8421504 -1 -1 
-1 -1 -1 -1 -1 -1 8404992 8404992 8404992 -1 -1 -1 8421504 -1 -1 
-1 -1 -1 -1 -1 8404992 8404992 8404992 -1 -1 -1 -1 8421504 -1 -1 
-1 -1 -1 -1 8404992 8404992 8404992 -1 -1 -1 -1 -1 8421504 -1 -1 
-1 -1 -1 8404992 8404992 8404992 -1 -1 -1 -1 -1 -1 -1 -1 -1 
-1 -1 8404992 8404992 8404992 -1 -1 -1 -1 -1 -1 -1 -1 -1 -1 
-1 -1 8404992 8404992 -1 -1 -1 -1 -1 -1 -1 -1 -1 -1 -1 
-1 -1 -1 -1 -1 -1 -1 -1 -1 -1 -1 -1 -1 -1 -1 
-1 -1 -1 -1 -1 -1 -1 -1 -1 -1 -1 -1 -1 -1 -1 
