-1 -1 -1 -1 -1 -1 -1 -1 -1 -1 -1 -1 -1 -1 -1 
-1 -1 -1 -1 -1 -1 -1 -1 -1 -1 -1 -1 -1 -1 -1 
-1 -1 -1 -1 -1 16776960 16776960 16776960 16776960 16776960 -1 -1 -1 -1 -1 
-1 -1 -1 -1 16776960 16776960 -1 16776960 16776960 16776960 16776960 -1 -1 -1 -1 
-1 -1 -1 -1 16776960 -1 16776960 16776960 16776960 16776960 16776960 -1 -1 -1 -1 
-1 -1 -1 -1 16776960 -1 16776960 16776960 16776960 16776960 16776960 -1 -1 -1 -1 
-1 -1 -1 -1 16776960 16776960 16776960 16776960 16776960 16776960 16776960 -1 -1 -1 -1 
-1 -1 -1 -1 16776960 16776960 16776960 16776960 16776960 16776960 16776960 -1 -1 -1 -1 
-1 -1 -1 -1 -1 16776960 16776960 16776960 16776960 16776960 -1 -1 -1 -1 -1 
-1 -1 -1 -1 -1 -1 4210752 4210752 4210752 -1 -1 -1 -1 -1 -1 
-1 -1 -1 -1 -1 -1 8421504 8421504 8421504 -1 -1 -1 -1 -1 -1 
-1 -1 -1 -1 -1 -1 4210752 4210752 4210752 -1 -1 -1 -1 -1 -1 
-1 -1 -1 -1 -1 -1 8421504 8421504 8421504 -1 -1 -1 -1 -1 -1 
-1 -1 -1 -1 -1 -1 -1 -1 -1 -1 -1 -1 -1 -1 -1 
-1 -1 -1 -1 -1 -1 -1 -1 -1 -1 -1 -1 -1 -1 -1 
